SR_44100:0.999679139654424,-1.99606548712443,0.996399009684343,1.99606548712443,-0.996078149338767,0.988704787306475,-1.95909715699547,0.970723309556336,1.95909715699547,-0.959428096862811,1.00578036865126,-1.85497539782921,0.86549240663839,1.85497539782921,-0.871272775289646,0.975905598307325,-1.77436597064434,0.870722620913951,1.77436597064434,-0.846628219221276,0.968625289744122,-1.40177534703449,0.79658663848105,1.40177534703449,-0.765211928225172,0.967941307927713,-0.637891757413656,0.664892078852685,0.637891757413656,-0.632833386780398,0.919648783237347,0.471805989003827,0.16009270901398,-0.471805989003827,-0.0797414922513271,1.27350308101665,-7.13998560472553E-14,-1.27350308101658,7.13998560472553E-14,0.999999999999929
SR_48000:0.999705162589973,-1.99638553572475,0.996691063034622,1.99638553572475,-0.996396225624595,0.989605404494748,-1.96238326458426,0.973057669372721,1.96238326458426,-0.962663073867469,1.00533842961,-1.86728250727498,0.875776206935157,1.86728250727498,-0.881114636545162,0.977725327955146,-1.79676940163816,0.880486294754709,1.79676940163816,-0.858211622709855,0.970900261075939,-1.47076690262202,0.811336083565643,1.47076690262202,-0.782236344641582,0.97011502995625,-0.789473841868055,0.687613887605605,0.789473841868055,-0.657728917561855,0.924391114053054,0.321946733549796,0.209664058258701,-0.321946733549796,-0.134055172311755,1.27350308101665,-7.79548618520028E-14,-1.27350308101657,7.79548618520028E-14,0.999999999999922
